250 3 60
50
1 0 3 13 3 2 3
2 1 2 14 1 1 1
3 0 4 25 2 3 2
4 2 2 10 4 1 3
5 1 3 11 2 2 1
6 0 5 15 1 3 2
7 2 2 29 2 1 4
8 1 1 12 3 2 2
9 0 4 18 4 1 3
10 1 3 14 2 2 2
11 2 2 20 3 1 4
12 0 1 11 1 2 1
13 1 4 19 2 3 3
14 2 1 25 3 2 2
15 0 3 17 1 1 4
16 1 2 13 4 2 1
17 2 3 22 2 3 3
18 0 1 16 3 1 2
19 1 4 28 2 2 4
20 2 2 30 4 1 2
21 0 3 21 1 3 2
22 1 2 18 3 2 3
23 2 1 14 2 1 4
24 0 4 25 4 2 3
25 1 3 16 1 3 2
26 2 2 12 3 1 4
27 0 5 19 2 2 3
28 1 1 17 4 3 1
29 2 3 24 2 1 4
30 0 2 14 3 1 2
31 1 4 22 2 2 3
32 2 1 28 1 3 4
33 0 3 11 4 2 2
34 1 2 20 3 1 1
35 2 4 15 2 2 3
36 0 1 30 1 3 4
37 1 3 26 2 2 2
38 2 2 23 4 1 1
39 0 4 18 3 3 3
40 1 2 16 2 1 4
41 2 3 29 1 2 2
42 0 1 21 4 2 3
43 1 4 22 3 1 1
44 2 2 27 2 3 2
45 0 5 30 1 2 4
46 1 3 15 4 1 2
47 2 1 26 3 2 3
48 0 2 13 2 3 1
49 1 4 19 1 2 2
50 2 7 30 4 1 4
