20 3 60
58
1 0 3 13 5 2 3
2 2 2 12 1 1 1
3 1 4 24 2 3 2
4 2 2 12 6 1 3
5 0 3 10 4 2 1
6 1 5 15 6 3 2
7 2 2 30 7 1 4
8 2 2 12 4 1 3
9 0 3 10 8 2 1
10 1 5 15 6 3 2
11 2 2 30 8 1 4
12 1 2 13 9 2 1
13 2 3 22 5 3 3
14 0 1 16 7 1 2
15 1 4 28 9 2 4
16 2 2 30 7 1 2
17 0 3 21 8 3 2
18 1 2 18 6 2 3
19 2 1 14 8 1 4
20 0 4 25 9 2 3
21 1 3 16 5 3 2
22 2 2 12 6 1 4
23 0 5 19 8 2 3
24 1 1 17 7 3 1
25 2 3 24 8 1 4
26 0 2 14 9 1 2
27 1 4 22 2 2 3
28 2 1 28 1 3 4
29 0 3 11 4 2 2
30 1 2 20 3 1 1
31 2 4 15 2 2 3
32 0 1 30 1 3 4
33 1 3 26 2 2 2
34 2 2 23 4 1 1
35 0 4 18 3 3 3
36 1 2 16 2 1 4
37 2 3 29 1 2 2
38 0 1 21 4 2 3
39 1 4 22 3 1 1
40 2 2 27 2 3 2
41 1 4 19 2 3 3
42 2 1 25 3 2 2
43 0 3 17 1 1 4
44 1 2 13 4 2 1
45 2 3 22 2 3 3
46 0 1 16 3 1 2
47 1 4 28 2 2 4
48 2 2 30 4 1 2
49 0 3 21 1 3 2
50 1 2 18 3 2 3
51 2 1 14 2 1 4
52 0 4 25 4 2 3
53 1 3 16 1 3 2
54 2 2 12 3 1 4
55 0 5 19 2 2 3
56 1 1 17 4 3 1
57 2 3 24 2 1 4
58 0 2 14 3 1 2