Game Result: WIN All Enemies are Killed!!

-------------------------------------------------

KTS ID 	FD KT LT 

20  45	15 0 15

21  1	17 1 18

26  42	7 18 25

28  27	14 9 23

31  30	12 17 29

34  6	13 16 29

35  33	27 5 32

45  36	2 42 44

61  3	11 46 57

62  12	61 0 61

67  18	66 0 66

68  48	66 0 66

75  15	72 0 72

76  39	72 0 72

77  9	73 0 73

77  21	74 0 74

83  24	79 0 79

90  49	80 6 86

100  43	87 9 96

107  31	97 6 103

119  19	104 11 115

129  13	116 9 125

138  46	127 8 135

148  37	137 8 145

150  25	146 1 147

151  10	148 0 148

157  5	154 0 154

169  40	156 11 167

172  34	169 1 170

186  22	171 13 184

188  16	185 1 186

191  2	187 2 189

196  28	191 4 195

201  8	196 4 200

202  14	201 0 201

202  23	201 0 201

203  47	202 0 202

203  4	201 0 201

203  7	201 0 201

204  11	202 0 202

204  20	202 0 202

204  26	202 0 202

205  38	203 0 203

205  44	203 0 203

205  17	202 0 202

206  29	203 0 203

206  41	203 0 203

206  35	202 0 202

207  50	200 0 200

207  32	206 0 206

-----------------------------------------------

Castle Total Damage: 3.35258

Total Enemies: 50

Average First-Shot Delay: 127.32

Average Kill Delay: 4.96

Average Life Time: 132.28

